The in order traversal:
1 2 3 4 5 6 7 8 9 10 11 12 13 14 15 16 17 18 19 20 21 22 23 24 25 26 27 28 29 30 31 32 33 34 35 36 37 38 39 40 41 42 43 44 45 46 47 48 49 50 51 52 53 54 55 56 57 58 59 60 61 62 63 64 65 66 67 68 69 70 71 72 73 74 75 76 77 78 79 80 81 82 83 84 85 86 87 88 89 90 91 92 93 94 95 96 97 98 99 100
The pre order traversal:
48 25 15 8 3 2 1 6 4 5 7 11 9 10 13 12 14 22 18 17 16 20 19 21 23 24 39 31 28 27 26 29 30 34 33 32 37 36 35 38 42 41 40 46 44 43 45 47 75 63 54 51 49 50 53 52 58 56 55 57 60 59 62 61 69 65 64 67 66 68 71 70 73 72 74 86 80 78 76 77 79 83 81 82 85 84 94 89 88 87 91 90 93 92 97 95 96 99 98 100
Is acyclic(Yes/No):
Yes
Connected Components:
1 9 22 24 42 48 54 59 69 75 78 79 80 88 96
2 8 11 16 46 51 63 66 68 71 72
3 20 29 32 38 40 41 43 44 45 55 100
4 14 17 18 21 26 31 35 47 83 85 94 97 98
5 10 12 13 15 23 25 27 36 37 49 50 52 65 70 87 89 90 92 99
6 7 28 30 53 60 76 77 81 84 86
19 62 67 91
33 39 56 61 74 82
34 57 58 64 73 93 95
