The in order traversal:
1 2 3 4 5 6 7 8 9 10 11 12 13 14 15 16 17 18 19 20 21 22 23 24 25 26 27 28 29 30 31 32 33 34 35 36 37 38 39 40 41 42 43 44 45 46 47 48 49 50 51 52 53 54 55 56 57 58 59 60 61 62 63 64 65 66 67 68 69 70 71 72 73 74 75 76 77 78 79 80 81 82 83 84 85 86 87 88 89 90 91 92 93 94 95 96 97 98 99 100
The pre order traversal:
56 25 14 5 3 2 1 4 9 7 6 8 11 10 13 12 17 16 15 21 19 18 20 23 22 24 44 34 29 27 26 28 32 30 31 33 39 37 35 36 38 41 40 42 43 49 47 46 45 48 52 50 51 54 53 55 74 67 61 59 57 58 60 64 62 63 66 65 71 69 68 70 72 73 87 82 78 76 75 77 80 79 81 84 83 86 85 95 90 89 88 93 91 92 94 99 97 96 98 100
Is acyclic(Yes/No):
No
Connected Components:
1 5 9 10 12 13 15 22 23 24 25 27 36 37 42 48 49 50 52 54 59 65 69 70 75 78 79 80 87 88 89 90 92 96 99
2 8 11 16 34 46 51 57 58 63 64 66 68 71 72 73 93 95
3 20 29 32 38 40 41 43 44 45 55 100
4 14 17 18 21 26 31 35 47 83 85 94 97 98
6 7 19 28 30 33 39 53 56 60 61 62 67 74 76 77 81 82 84 86 91
