The in order traversal:
1 2 3 4 5 6 7 8 9 10 11 12 13 14 15 16 17 18 19 20 21 22 23 24 25 26 27 28 29 30 31 32 33 34 35 36 37 38 39 40 41 42 43 44 45 46 47 48 49 50 51 52 53 54 55 56 57 58 59 60 61 62 63 64 65 66 67 68 69 70 71 72 73 74 75 76 77 78 79 80 81 82 83 84 85 86 87 88 89 90 91 92 93 94 95 96 97 98 99 100
The pre order traversal:
53 30 16 8 4 2 1 3 6 5 7 12 10 9 11 14 13 15 24 19 17 18 22 21 20 23 26 25 28 27 29 45 37 34 32 31 33 36 35 41 39 38 40 43 42 44 50 48 46 47 49 52 51 72 62 57 55 54 56 59 58 61 60 66 64 63 65 70 68 67 69 71 83 76 74 73 75 79 78 77 81 80 82 93 87 85 84 86 91 89 88 90 92 97 95 94 96 99 98 100
Is acyclic(Yes/No):
No
Connected Components:
1 2 3 4 5 6 7 8 9 10 11 12 13 14 15 16 17 18 19 20
21 22 23 24 25 26 27 28 29 30 31 32 33 34 35 36 37 38 39 40 41 42 43 44 45 46 47 48 49 50
51 52 53 54 55 56 57 58 59 60
61 62 63 64 65 66 67 68 69 70 71 72 73 74 75 76 77 78 79 80 81 82 83 84 85 86 87 88 89 90 91 92 93 94 95 96 97 98 99 100
